$ 1 0.00009999999999999999 5.023272298708815 54 5 43
s -432 80 -368 80 0 0 false
g -176 288 -176 304 0
r -176 176 -176 96 0 8200
R -176 96 -176 64 0 0 40 5 0 0 0.5
r -176 240 -224 240 0 120
w -176 240 -176 176 2
c -176 240 -176 288 0 1.0000000000000001e-7 0.6568217995665004
l -368 240 -320 240 0 0.001 -0.000529694999650403
w -368 80 -368 240 0
w -432 80 -432 288 0
r -32 128 16 128 0 62000
r -16 240 32 240 0 12
408 192 176 192 128 0 3.7 0 1e-9
w -80 176 -80 256 0
s 192 240 192 176 0 1 false
t -32 256 -16 256 0 -1 0.5500054908738481 -0.45622921021582696 100
r -32 256 -80 256 0 120
c 176 320 176 368 0 0.000047 1.0062901590379407
r 240 320 240 368 0 4700000000
w 176 320 240 320 0
w 176 368 240 368 0
w 48 368 112 368 0
w 48 320 112 320 2
r 112 320 112 368 0 4700000000
c 48 320 48 368 0 0.000047 1.0062901590379407
w -80 368 -16 368 0
w -80 320 -16 320 0
r -16 320 -16 368 0 4700000000
c -80 320 -80 368 0 0.000047 1.0062901590379407
g 48 368 48 384 0
g 176 368 176 384 0
g -80 368 -80 384 0
w -16 320 80 256 0
w 48 320 80 256 0
w 80 256 176 320 0
g -16 272 -16 288 0
w 32 240 80 256 0
s -80 176 -16 240 0 1 true
d -80 128 -32 128 2 default
w -80 128 -80 176 0
182 -176 176 -80 176 0 0.5 1.1 2.8 3.8 0.55
182 128 240 192 240 0 0.5 1.1 2.8 3.8 0.55
w 80 256 128 240 0
174 80 128 112 192 1 500000 0.5 Door to Alarm delay
w 112 160 96 192 0
w 96 192 80 192 0
w 80 192 80 256 0
w 16 128 80 128 1
165 416 416 432 416 6 0
g 480 608 480 624 0
w 512 608 512 576 0
R 480 384 480 352 0 0 40 5 0 0 0.5
w 480 608 512 608 0
c 384 544 384 608 0 0.000047 1.040785066172878
w 384 608 480 608 0
w 384 544 416 544 2
w 416 512 416 544 0
w 384 448 416 448 0
w 336 384 480 384 0
162 608 224 608 272 2 default-led 1 0 0 0.015
r 608 224 608 176 0 120
g 608 272 608 288 0
r 384 544 384 480 0 15000
r 384 144 384 80 0 1000
w 384 80 480 80 0
w 384 144 416 144 0
w 416 208 416 240 0
w 384 240 416 240 2
r 384 144 384 240 0 14700
w 384 304 480 304 0
c 384 240 384 304 0 0.000047 1.010173866077538
w 480 304 512 304 0
R 480 80 480 48 0 0 40 5 0 0 0.5
w 512 304 512 272 0
g 480 304 480 320 0
165 416 112 432 112 6 0
w 272 240 192 240 0
g 672 496 672 512 0
r 672 400 672 464 0 240
R 672 400 672 368 0 0 40 12 0 0 0.5
c -224 400 -224 432 0 1.0000000000000001e-7 5
g -224 480 -224 496 0
R -224 400 -224 368 0 0 40 5 0 0 0.5
x -351 407 -254 437 4 24 buffer\sic\\ndecouple
c 480 272 480 304 0 1.0000000000000001e-7 3.3333333333333317
c 480 608 480 576 0 1.0000000000000001e-7 -3.3333333333333313
d 336 480 336 544 2 default
w 336 544 384 544 0
r -224 432 -224 480 0 1
c -128 288 -128 240 0 1.0000000000000001e-7 -0.6568217995664984
w -176 288 -128 288 0
r -176 240 -128 240 0 1e-9
w 272 240 272 0 0
w 272 0 544 0 0
w 544 0 544 144 0
w 544 176 560 448 0
w 544 176 608 176 0
w 544 448 560 448 0
w 544 480 560 480 0
r 752 80 752 128 0 1
x 625 55 722 85 4 24 556\sic\\ndecouple
R 752 48 752 16 0 0 40 5 0 0 0.5
g 752 128 752 144 0
c 752 48 752 80 0 1.0000000000000001e-7 5
174 336 480 304 400 1 10000 0.5 Beep Duration
w 304 384 336 384 0
f 624 480 672 480 32 1.5 5
w 304 384 304 432 0
w 336 480 384 448 0
r 384 448 384 480 0 1000
w -432 288 -176 288 0
r 560 480 624 480 0 12
r -320 240 -272 240 0 1000
r -272 240 -224 240 0 120
o 5 16 0 4099 5 0.00078125 0 2 5 3
o 22 16 0 4099 5 0.00009765625 1 2 22 3
o 96 32 0 36875 5 0.05 2 2 96 3
o 98 32 0 4099 5 0.00009765625 2 2 98 3
38 41 1 1.9 3.7 VT\p
